0 0.57755234 0.77802109 0.07072969 0.08416719
0 0.78105938 0.65723984 0.08086875 0.10197969
0 0.95085078 0.66520859 0.06107656 0.07729219
0 0.08359375 0.67614609 0.06093750 0.07416719
0 0.11397578 0.50791641 0.07795156 0.10645781
0 0.26692734 0.53984375 0.07447969 0.09843750
0 0.39894062 0.65885391 0.05725625 0.06145781
0 0.31980938 0.33135391 0.07711875 0.08770781
0 0.72869766 0.40812500 0.08239531 0.06625000
0 0.79843750 0.42348984 0.07500000 0.07510469
0 0.87571172 0.59062500 0.07329844 0.07187500