0 0.54101562 0.25820312 0.06640625 0.07890625
0 0.75195312 0.38828125 0.07578125 0.09531250
0 0.92226562 0.39023438 0.05703125 0.07109375
0 0.05000000 0.33554688 0.05625000 0.06796875
0 0.09179688 0.50429687 0.07109375 0.09921875
0 0.24375000 0.48046875 0.06875000 0.09218750
0 0.36757812 0.36875000 0.05390625 0.05625000
0 0.30820313 0.69257813 0.07265625 0.08203125
0 0.71523437 0.63554687 0.07734375 0.05859375
0 0.78359375 0.62343750 0.07031250 0.06875000
0 0.85195312 0.45937500 0.06953125 0.06562500