0 0.82129609 0.29979766 0.14884219 0.19022031
0 0.63813672 0.30827578 0.18877344 0.21655156
0 0.60732031 0.41805547 0.11151563 0.10798594
0 0.51316562 0.36912578 0.12008125 0.12887656
0 0.60269062 0.53940937 0.13975625 0.11319375
0 0.04042266 0.51530703 0.08084531 0.18061406
0 0.50682891 0.73793438 0.11990781 0.08211875
0 0.35182266 0.71958906 0.13177031 0.10792812
0 0.02618672 0.65355938 0.05237344 0.09774375
0 0.50491875 0.87118047 0.15358750 0.10798594
0 0.73859922 0.87636016 0.14594844 0.11209531