0 0.74036484 0.81004063 0.20260469 0.16695625
0 0.69833359 0.62666641 0.23416719 0.20958281
0 0.58782969 0.62193828 0.11940937 0.12200156
0 0.61850703 0.51896406 0.14013906 0.13167813
0 0.47126719 0.64542266 0.12690937 0.15022031
0 0.38864609 0.06699062 0.18979219 0.12460625
0 0.26218750 0.59674219 0.09312500 0.12785937
0 0.25230938 0.43600078 0.12024375 0.14075156
0 0.25130234 0.08043984 0.10572969 0.09525469
0 0.13326406 0.62507500 0.12277813 0.16265000
0 0.17137188 0.86026641 0.12711875 0.15490781