0 0.22180547 0.73463516 0.17486094 0.21302031
0 0.40249453 0.70401016 0.21748906 0.24552031
0 0.39852422 0.59395859 0.12517344 0.12541719
0 0.50415547 0.62869766 0.13643594 0.14802031
0 0.36421875 0.47458359 0.15343750 0.13666719
0 0.93593750 0.42625000 0.12812500 0.19625000
0 0.39756953 0.26677109 0.12951406 0.10229219
0 0.55634844 0.26723984 0.14394688 0.12822969
0 0.91249453 0.28687500 0.09998906 0.11125000
0 0.35794531 0.13593750 0.16589063 0.13437500
0 0.12670703 0.15994766 0.15966406 0.13552031