0 0.16953125 0.35000000 0.13593750 0.17500000
0 0.35468750 0.35156250 0.17500000 0.19687500
0 0.37734375 0.45937500 0.10468750 0.09687500
0 0.47421875 0.40703125 0.11093750 0.11718750
0 0.37265625 0.58046875 0.13281250 0.09843750
0 0.95234375 0.53515625 0.09531250 0.17031250
0 0.45468750 0.77656250 0.11562500 0.06875000
0 0.61250000 0.75156250 0.12500000 0.09375000
0 0.96015625 0.67421875 0.07968750 0.08906250
0 0.44687500 0.91015625 0.14687500 0.09218750
0 0.21171875 0.92343750 0.13906250 0.09687500