0 0.89809063 0.61617500 0.18680625 0.21047500
0 0.72028359 0.64617500 0.23119219 0.24235000
0 0.66605938 0.54460625 0.13211875 0.12358750
0 0.58952578 0.61363984 0.14467656 0.14602969
0 0.63515625 0.42502344 0.16093750 0.13442187
0 0.09991328 0.57022578 0.13107656 0.19357656
0 0.49878437 0.24550938 0.13506875 0.10039375
0 0.35361719 0.29743672 0.15098438 0.12612344
0 0.06247109 0.43517344 0.06869219 0.10784688
0 0.46629062 0.11284688 0.17320625 0.13194375
0 0.68828125 0.07752891 0.16406250 0.09255781