0 0.12780703 0.58854766 0.16811406 0.20209531
0 0.31035859 0.60682891 0.21134219 0.23240781
0 0.35364609 0.50151641 0.12291719 0.11865781
0 0.43839688 0.56347812 0.13304375 0.13945625
0 0.37251172 0.38037031 0.15127344 0.12636562
0 0.92604141 0.48638906 0.11458281 0.18840313
0 0.49065391 0.19308438 0.12818281 0.09241875
0 0.64114609 0.23481484 0.14166719 0.11962969
0 0.95263281 0.35009844 0.06776562 0.10332188
0 0.50836250 0.06067422 0.16360000 0.12134844
0 0.27988984 0.04234922 0.15665469 0.08469844