0 0.42541641 0.24713516 0.07583281 0.08489531
0 0.21427109 0.39964141 0.08791719 0.10240781
0 0.04312500 0.41811328 0.06750000 0.07685156
0 0.91723984 0.27746562 0.06572969 0.07368125
0 0.87536484 0.45037578 0.08510469 0.10700156
0 0.72354141 0.44017344 0.08145781 0.09909688
0 0.59885391 0.34145859 0.06020781 0.06104219
0 0.65911484 0.65662578 0.08385469 0.08825156
0 0.25135391 0.64263281 0.08708281 0.06651562
0 0.18369766 0.63626719 0.07989531 0.07565938
0 0.11406250 0.47999453 0.07812500 0.07248906