0 0.41317734 0.17755234 0.20447969 0.17385469
0 0.39739609 0.35895859 0.23541719 0.21791719
0 0.50395859 0.40531250 0.12041719 0.12625000
0 0.44255234 0.48723984 0.14135469 0.13697969
0 0.62520859 0.42739609 0.12854219 0.15479219
0 0.52625000 0.95859375 0.19000000 0.08281250
0 0.81432266 0.54973984 0.09427031 0.13072969
0 0.77489609 0.69906250 0.12166719 0.14500000
0 0.66463516 0.98557266 0.10427031 0.02739531
0 0.94184922 0.57255234 0.11494844 0.16697969
0 0.95937500 0.34536484 0.08125000 0.15947969